base_sah_bench 158.119 157.396 186.334 
mod_sky_bench 167.150 163.905 209.946 
mod_sky_bench 161.137 160.444 189.468 
base_sah_bench 160.944 159.107 192.385 
base_sah_bench 167.871 166.395 196.620 
mod_sky_bench 165.417 162.513 205.574 
mod_sky_bench 158.497 157.824 186.415 
base_sah_bench 160.375 158.315 196.366 
base_sah_bench 166.869 162.623 204.861 
mod_sky_bench 159.722 157.948 209.974 
mod_sky_bench 176.638 172.250 234.678 
base_sah_bench 176.814 171.329 234.706 
base_sah_bench 172.378 165.558 265.039 
mod_sky_bench 172.090 166.030 306.612 
mod_sky_bench 180.114 179.018 235.113 
base_sah_bench 174.647 171.657 227.085 
