base 190.672 192.977 235.477 
mod 176.776 176.461 221.603 
mod 174.836 171.911 220.340 
base 187.766 186.339 244.609 
base 180.517 178.842 255.941 
mod 190.100 190.155 242.153 
mod 183.158 178.852 239.628 
base 197.965 195.643 269.082 
base 203.200 203.064 253.663 
mod 191.578 188.770 245.622 
mod 193.338 190.038 250.638 
base 205.736 205.123 239.557 
base 205.095 209.438 244.951 
mod 199.898 196.438 235.717 
mod 194.244 193.087 264.198 
base 198.073 198.670 250.981 
base 205.704 200.742 277.419 
mod 196.424 196.894 249.134 
mod 191.163 186.915 247.804 
base 202.930 200.605 260.776 
